%YAML:1.0
---
aruco_bc_dict: ARUCO_MIP_36h12
aruco_bc_nmarkers: 12
aruco_bc_mInfoType: 0
aruco_bc_markers:
   - { id:161, corners:[ [ -1000., -250., 0. ], [ -500., -250., 0. ], [
       -500., -750., 0. ], [ -1000., -750., 0. ] ] }
   - { id:227, corners:[ [ -400., -250., 0. ], [ 100., -250., 0. ], [
       100., -750., 0. ], [ -400., -750., 0. ] ] }
   - { id:85, corners:[ [ 200., -250., 0. ], [ 700., -250., 0. ], [ 700.,
       -750., 0. ], [ 200., -750., 0. ] ] }
   - { id:166, corners:[ [ 800., -250., 0. ], [ 1300., -250., 0. ], [
       1300., -750., 0. ], [ 800., -750., 0. ] ] }
   - { id:244, corners:[ [ -1000., 350., 0. ], [ -500., 350., 0. ], [
       -500., -150., 0. ], [ -1000., -150., 0. ] ] }
   - { id:144, corners:[ [ -400., 350., 0. ], [ 100., 350., 0. ], [ 100.,
       -150., 0. ], [ -400., -150., 0. ] ] }
   - { id:90, corners:[ [ 200., 350., 0. ], [ 700., 350., 0. ], [ 700.,
       -150., 0. ], [ 200., -150., 0. ] ] }
   - { id:214, corners:[ [ 800., 350., 0. ], [ 1300., 350., 0. ], [
       1300., -150., 0. ], [ 800., -150., 0. ] ] }
   - { id:153, corners:[ [ -1000., 950., 0. ], [ -500., 950., 0. ], [
       -500., 450., 0. ], [ -1000., 450., 0. ] ] }
   - { id:7, corners:[ [ -400., 950., 0. ], [ 100., 950., 0. ], [ 100.,
       450., 0. ], [ -400., 450., 0. ] ] }
   - { id:143, corners:[ [ 200., 950., 0. ], [ 700., 950., 0. ], [ 700.,
       450., 0. ], [ 200., 450., 0. ] ] }
   - { id:219, corners:[ [ 800., 950., 0. ], [ 1300., 950., 0. ], [
       1300., 450., 0. ], [ 800., 450., 0. ] ] }
