<?xml version="1.0"?>
<opencv_storage>
<calibration_Time>"Mon May  9 17:46:02 2016"</calibration_Time>
<nrOfFrames>3</nrOfFrames>
<image_Width>640</image_Width>
<image_Height>480</image_Height>
<board_Width>8</board_Width>
<board_Height>6</board_Height>
<square_Size>1.</square_Size>
<FixAspectRatio>1.</FixAspectRatio>
<!-- flags:  +fix_aspectRatio +fix_principal_point +zero_tangent_dist -->
<flagValue>14</flagValue>
<Camera_Matrix type_id="opencv-matrix">
  <rows>3</rows>
  <cols>3</cols>
  <dt>d</dt>
  <data>
    5.8395419742958620e+02 0. 3.7550000000000000e+02 0.
    5.8395419742958620e+02 2.9550000000000000e+02 0. 0. 1.</data></Camera_Matrix>
<Distortion_Coefficients type_id="opencv-matrix">
  <rows>5</rows>
  <cols>1</cols>
  <dt>d</dt>
  <data>
    5.0603143657175331e-02 -2.0582285684550591e-01 0. 0.
    2.6431295513640785e-01</data></Distortion_Coefficients>
<Avg_Reprojection_Error>4.1475577295171706e-01</Avg_Reprojection_Error>
<Per_View_Reprojection_Errors type_id="opencv-matrix">
  <rows>3</rows>
  <cols>1</cols>
  <dt>f</dt>
  <data>
    2.80534267e-01 6.27788305e-01 2.07964972e-01</data></Per_View_Reprojection_Errors>
<!-- a set of 6-tuples (rotation vector + translation vector) for each view -->
<Extrinsic_Parameters type_id="opencv-matrix">
  <rows>3</rows>
  <cols>6</cols>
  <dt>d</dt>
  <data>
    3.0897254775453575e-01 5.5869233758978364e-02 1.5972467692065933e+00
    7.3195969233518632e-01 -4.1265647863930095e+00
    1.3366463880094841e+01 -2.1436680346440951e-01
    -3.9255477216765045e-01 1.6381626559316573e+00
    2.5205316600455814e+00 -3.6619269402308099e+00
    1.5862601021811738e+01 2.0666756921824730e-01
    -2.5050518586602566e-01 1.5559541621455970e+00
    3.0305260540835834e+00 -5.0800364333192904e+00
    1.5623405156834739e+01</data></Extrinsic_Parameters>
<Image_points type_id="opencv-matrix">
  <rows>3</rows>
  <cols>48</cols>
  <dt>"2f"</dt>
  <data>
    4.07476746e+02 1.14492546e+02 4.06273071e+02 1.59704391e+02
    4.05029175e+02 2.03705353e+02 4.03850616e+02 2.46302841e+02
    4.02880188e+02 2.87928375e+02 4.01922333e+02 3.28774231e+02
    4.00945587e+02 3.68650177e+02 4.00251160e+02 4.08328094e+02
    3.64825195e+02 1.15311371e+02 3.64335663e+02 1.59697220e+02
    3.63609619e+02 2.02903290e+02 3.63145935e+02 2.44684937e+02
    3.62492920e+02 2.85637543e+02 3.62086700e+02 3.25829376e+02
    3.61450439e+02 3.65221771e+02 3.60911865e+02 4.04029236e+02
    3.23843384e+02 1.15932236e+02 3.23864014e+02 1.59549606e+02
    3.23784912e+02 2.02154800e+02 3.23685425e+02 2.43280045e+02
    3.23605591e+02 2.83498993e+02 3.23456116e+02 3.23016754e+02
    3.23272980e+02 3.61680176e+02 3.22980438e+02 3.99983246e+02
    2.84093781e+02 1.16468353e+02 2.84525574e+02 1.59407196e+02
    2.85005493e+02 2.01159409e+02 2.85421509e+02 2.41737488e+02
    2.85639618e+02 2.81415161e+02 2.85843842e+02 3.20412018e+02
    2.85952850e+02 3.58520386e+02 2.85983063e+02 3.96246277e+02
    2.45525284e+02 1.16919228e+02 2.46360657e+02 1.58968826e+02
    2.47301865e+02 2.00296631e+02 2.48089523e+02 2.40234070e+02
    2.48744995e+02 2.79469299e+02 2.49319962e+02 3.17798126e+02
    2.49639038e+02 3.55506317e+02 2.50041260e+02 3.92617645e+02
    2.08245728e+02 1.17348999e+02 2.09434448e+02 1.58678558e+02
    2.10616196e+02 1.99305191e+02 2.11796982e+02 2.38705780e+02
    2.12881119e+02 2.77438782e+02 2.13689606e+02 3.15433899e+02
    2.14485474e+02 3.52546112e+02 2.15199646e+02 3.89281006e+02
    4.68416656e+02 1.60813705e+02 4.63780426e+02 1.97732132e+02
    4.59300140e+02 2.34182236e+02 4.54949493e+02 2.69959625e+02
    4.50608337e+02 3.05414490e+02 4.46479279e+02 3.40791473e+02
    4.42372437e+02 3.75820068e+02 4.38303955e+02 4.10912109e+02
    4.35761230e+02 1.55290558e+02 4.31399841e+02 1.92984421e+02
    4.26929291e+02 2.30360062e+02 4.22663971e+02 2.66926697e+02
    4.18490509e+02 3.03397522e+02 4.14317780e+02 3.39543274e+02
    4.10168945e+02 3.75464203e+02 4.06050476e+02 4.11303864e+02
    4.01761017e+02 1.49247116e+02 3.97443420e+02 1.87950058e+02
    3.93198456e+02 2.26254074e+02 3.88921783e+02 2.63771973e+02
    3.84720093e+02 3.01172607e+02 3.80577759e+02 3.38308197e+02
    3.76452820e+02 3.74983154e+02 3.72317261e+02 4.11775299e+02
    3.65728485e+02 1.42662277e+02 3.61644257e+02 1.82528381e+02
    3.57460236e+02 2.21880798e+02 3.53334290e+02 2.60499939e+02
    3.49198303e+02 2.98887482e+02 3.44910400e+02 3.36992798e+02
    3.40769897e+02 3.74667328e+02 3.36599426e+02 4.12425323e+02
    3.27736542e+02 1.35607101e+02 3.23683594e+02 1.76715378e+02
    3.19694122e+02 2.17290329e+02 3.15630646e+02 2.56966766e+02
    3.11587189e+02 2.96462463e+02 3.07465759e+02 3.35609375e+02
    3.03286926e+02 3.74464600e+02 2.98847992e+02 4.13343842e+02
    2.87452026e+02 1.28237885e+02 2.83612457e+02 1.70466492e+02
    2.79714142e+02 2.12335754e+02 2.75819061e+02 2.53330109e+02
    2.71770966e+02 2.93873657e+02 2.67627075e+02 3.34313446e+02
    2.63469727e+02 3.74327606e+02 2.59192657e+02 4.14283081e+02
    4.89261871e+02 1.05100891e+02 4.87001801e+02 1.43685135e+02
    4.84919464e+02 1.81273895e+02 4.82852539e+02 2.17155533e+02
    4.80999268e+02 2.51792252e+02 4.79288940e+02 2.85454315e+02
    4.77612732e+02 3.17854980e+02 4.76203369e+02 3.49429932e+02
    4.51797394e+02 1.05101242e+02 4.50329163e+02 1.43915634e+02
    4.48795807e+02 1.81493927e+02 4.47453827e+02 2.17401642e+02
    4.46223145e+02 2.52031860e+02 4.44933472e+02 2.85612915e+02
    4.43808350e+02 3.18090454e+02 4.42781738e+02 3.49644379e+02
    4.14425995e+02 1.04997581e+02 4.13591095e+02 1.43991318e+02
    4.12761261e+02 1.81586884e+02 4.12156647e+02 2.17494308e+02
    4.11469635e+02 2.52237488e+02 4.10780334e+02 2.85834503e+02
    4.10278809e+02 3.18335785e+02 4.09632141e+02 3.49872406e+02
    3.76705292e+02 1.04870865e+02 3.76575317e+02 1.43964355e+02
    3.76567688e+02 1.81563171e+02 3.76498383e+02 2.17595688e+02
    3.76441864e+02 2.52389496e+02 3.76399078e+02 2.86138947e+02
    3.76308472e+02 3.18578461e+02 3.76231628e+02 3.50264160e+02
    3.38741974e+02 1.04635971e+02 3.39573944e+02 1.43746338e+02
    3.40260406e+02 1.81566086e+02 3.40800568e+02 2.17617004e+02
    3.41338776e+02 2.52506989e+02 3.41735596e+02 2.86368011e+02
    3.42293274e+02 3.18908752e+02 3.42645416e+02 3.50563660e+02
    3.00816620e+02 1.04284378e+02 3.02292786e+02 1.43506927e+02
    3.03633667e+02 1.81443069e+02 3.04966766e+02 2.17546021e+02
    3.06059509e+02 2.52614395e+02 3.07132019e+02 2.86514465e+02
    3.08153717e+02 3.19250610e+02 3.08971283e+02 3.51065918e+02</data></Image_points>
</opencv_storage>
